function,count,multiplication,division,getValues,filter,diffrence,sum_multiple,sortby,sum,mean,retrieve,max,combine,min,returnResult
count,1.0000000000000002,0.8371355743597695,0.8448456124919816,0.8652257317721214,0.8437915618683601,0.8373944055662628,0.8468637215676831,0.8354343745942701,0.8567008829304275,0.839716745779335,0.7679061704028366,0.842474823383939,0.784022061905238,0.8337215468145911,0.7558383613383258
multiplication,0.8371355743597695,1.0000000000000002,0.9351339334281544,0.8035182332769168,0.8111949203313165,0.897512565065284,0.9324110452657927,0.7942170898678359,0.8393138496302314,0.8214694507719447,0.7644289188947186,0.8112900998062371,0.7950159601995388,0.799998703200483,0.7400744873206097
division,0.8448456124919816,0.9351339334281544,0.9999999999999999,0.814121960130183,0.8213809568499842,0.9146178835211504,0.9080188381516571,0.8084274597399143,0.8396288054766888,0.8341566895166463,0.7568189024510075,0.8001472384417262,0.7911690181188481,0.7982773295997904,0.7421012558612713
getValues,0.8652257317721214,0.8035182332769168,0.814121960130183,1.0000000000000002,0.8511452102470425,0.8135313147658347,0.8050827964673758,0.8443631571939216,0.8169491202206371,0.8104679594205147,0.8222077743131477,0.8464853737374801,0.8000574286837191,0.8438914880995609,0.8147169357590062
filter,0.8437915618683601,0.8111949203313165,0.8213809568499842,0.851105420421763,1.0,0.8080028577827756,0.8021873289525174,0.837019903293942,0.8234382244951811,0.8207416600028923,0.8235354309195096,0.8190658249365417,0.8455696040201809,0.8154817526718976,0.7957601254352963
diffrence,0.8373944055662628,0.897512565065284,0.9146178835211504,0.8135313147658347,0.8080028577827756,0.9999999999999999,0.9052155805658418,0.8066309855972751,0.8402514397746567,0.8223872097031529,0.7538013432700298,0.7961404310264625,0.7873903873344306,0.799395282896925,0.7446469895850015
sum_multiple,0.8468637215676831,0.9324110452657927,0.9080188381516571,0.8050827964673758,0.8021873289525174,0.9052155805658418,1.0,0.7986231293106832,0.8908012352356351,0.8519376762238398,0.7416720759163428,0.8102182880092165,0.7983612868901012,0.799495103127617,0.7317123435408073
sortby,0.8354343745942701,0.7942170898678359,0.8084274597399143,0.8443631571939216,0.837019903293942,0.8066309855972751,0.7986231293106832,0.9999999999999999,0.8340032789600881,0.8313420856429423,0.7936263159486774,0.8439528425071857,0.7997753095043505,0.8398387187701895,0.7816052508084085
sum,0.8567008829304275,0.8393138496302314,0.8396288054766888,0.8169491202206371,0.8234382244951811,0.8402514397746567,0.8908012352356351,0.8339165359008543,1.0,0.9590384665579071,0.7510446630213846,0.8443487243051047,0.8155659513059536,0.8368491071959607,0.7852652124165
mean,0.839716745779335,0.8214694507719447,0.8341566895166463,0.8104679594205147,0.8207416600028923,0.8223872097031529,0.8519376762238398,0.8313420856429423,0.9590384665579071,1.0000000000000002,0.7444470453493959,0.8489404975796502,0.8022105492858477,0.8464959209836737,0.7871052802998486
retrieve,0.7679061704028366,0.7644289188947186,0.7568189024510075,0.8222077743131477,0.8235354309195096,0.7538013432700298,0.7416720759163428,0.7936263159486774,0.7510446630213846,0.7444470453493959,1.0,0.793068308992256,0.8273072067880975,0.7955738399720538,0.8393016238201251
max,0.842474823383939,0.8112900998062371,0.8001472384417262,0.8464853737374801,0.8190658249365417,0.7961404310264625,0.8102182880092165,0.8439528425071857,0.8443487243051047,0.8489404975796502,0.793068308992256,0.9999999999999998,0.7838437459267378,0.9586264927365844,0.819812531790628
combine,0.784022061905238,0.7950159601995388,0.7911690181188481,0.8000574286837191,0.8455696040201809,0.7873903873344306,0.7983612868901012,0.7997753095043505,0.8155659513059536,0.8022105492858477,0.8273072067880975,0.7838437459267378,1.0,0.7857991931276728,0.8058374169199187
min,0.8335490283070598,0.799998703200483,0.7982773295997904,0.8438914880995609,0.8154817526718976,0.799395282896925,0.799495103127617,0.8398387187701895,0.8368491071959607,0.8464959209836737,0.7955738399720538,0.9586264927365844,0.7857991931276728,1.0000000000000002,0.8250425624370457
returnResult,0.7558383613383258,0.7400744873206097,0.7421012558612713,0.8147169357590062,0.7958736406804063,0.7446469895850015,0.7317123435408073,0.7816052508084085,0.7852652124165,0.7871052802998486,0.8393016238201251,0.819812531790628,0.8058374169199187,0.8250425624370457,0.9999999999999998
