function,count,sortby,diffrence,filter,multiplication,mean,combine,division,getValues,retrieve,min,sum,max,returnResult,sum_multiple
count,0.9999999999999999,0.8056548755656741,0.7711855600339794,0.7446112054217997,0.7692137012509868,0.8008573315774731,0.7950342132287348,0.7463257273250166,0.7445202866288767,0.7726419362933812,0.7950998901444783,0.809368101121814,0.797966913267682,0.7459694426888356,0.7541575187568093
sortby,0.8056548755656741,0.9999999999999999,0.7362624031016163,0.7471259249238801,0.7359054823632221,0.7772848221167846,0.7938194189945511,0.7137560927447835,0.7247784972991766,0.7783461629406813,0.7950893965876278,0.7843516890101916,0.7903269679922917,0.7504111854985832,0.7253406186564214
diffrence,0.7711855600339794,0.7362624031016163,1.0,0.716770849536336,0.8375260175667882,0.7481418382201902,0.7681776327510896,0.8461235119712299,0.7049130634695246,0.7243117559913144,0.730378503332876,0.7325135927993627,0.7109139901964453,0.7215033468426059,0.8182102337760503
filter,0.7446112054217997,0.7471259249238801,0.7169682658255411,0.9999999999999998,0.7121654319128148,0.7563772684839057,0.7657760765133527,0.6968748056975766,0.7399151472097664,0.7635606241636701,0.7974425332774631,0.7457116547633658,0.7382561056250917,0.7941970075826565,0.6860530264806048
multiplication,0.7692137012509868,0.7359054823632221,0.8375260175667882,0.7121654319128148,1.0000000000000002,0.7630964147739505,0.8128276538826014,0.8918303516379924,0.7055578103667369,0.761391272917947,0.724126674539376,0.758577404884394,0.7429367736207703,0.7209838840362237,0.8911089932600262
mean,0.8008573315774731,0.7773710782586288,0.7481418382201902,0.7563772684839057,0.7630964147739505,1.0000000000000002,0.7910645324888899,0.7465818491403339,0.7322183817064117,0.7427284335912565,0.84583985332355,0.8932450633387246,0.8468240175857963,0.7775426272447937,0.7606506191631662
combine,0.7950342132287348,0.7938194189945511,0.7682168616757995,0.7657760765133527,0.8128276538826014,0.7910645324888899,1.0000000000000002,0.7506253832865548,0.7282707502382653,0.7977976513937481,0.7732693692060366,0.7978525240538855,0.7737956468423789,0.7450079316143108,0.7815704013576503
division,0.7463573196970946,0.7137560927447835,0.8461235119712299,0.6968748056975766,0.8918303516379924,0.7465818491403339,0.7511458731561672,0.9999999999999999,0.6815253573380591,0.7277261173349084,0.7065684116859855,0.7378419753070465,0.6992035260715841,0.6985855020262425,0.8489683118353317
getValues,0.7445202866288767,0.7247784972991766,0.7049130634695246,0.7399151472097664,0.7055578103667369,0.7322183817064117,0.7282707502382653,0.6815253573380591,0.9999999999999999,0.7754511849689018,0.761899699607065,0.710105127280092,0.7358902043704353,0.767705677667779,0.6968176766691481
retrieve,0.7726419362933812,0.7783461629406813,0.7243117559913144,0.763460723975088,0.761391272917947,0.7427284335912565,0.7977976513937481,0.7277261173349084,0.7754511849689018,1.0000000000000002,0.7813690579659188,0.7438722472541823,0.7703475333826991,0.8028211835095929,0.7185500358912819
min,0.7950998901444783,0.7950893965876278,0.730378503332876,0.7974425332774631,0.724126674539376,0.84583985332355,0.773276830696108,0.7065684116859855,0.7617618426874633,0.7812781421798406,1.0,0.8231231327865133,0.9127777288225768,0.8193507724942923,0.71437126047395
sum,0.809368101121814,0.7844348198488511,0.7325135927993627,0.7457116547633658,0.758577404884394,0.8932450633387246,0.7978525240538855,0.7378419753070465,0.710105127280092,0.7438722472541823,0.8231231327865133,1.0000000000000002,0.8338508769053791,0.7685145956015429,0.8185152900852095
max,0.797966913267682,0.7903269679922917,0.7109139901964453,0.7382561056250917,0.7429367736207703,0.8468240175857963,0.7737956468423789,0.6992035260715841,0.7358902043704353,0.7703475333826991,0.9127777288225768,0.8338508769053791,0.9999999999999999,0.7964213371790714,0.7327020213998622
returnResult,0.7459694426888356,0.7504111854985832,0.7215033468426059,0.7941970075826565,0.7209838840362237,0.7775426272447937,0.7450079316143108,0.6985855020262425,0.767705677667779,0.8028211835095929,0.8193507724942923,0.7685145956015429,0.7964213371790714,1.0,0.6909339795791187
sum_multiple,0.7541575187568093,0.7253406186564214,0.8182102337760503,0.6860530264806048,0.8911089932600262,0.7606506191631662,0.7815704013576503,0.8489683118353317,0.6968176766691481,0.7185500358912819,0.71437126047395,0.8185152900852095,0.7327020213998622,0.6909339795791187,1.0000000000000002
